1 -67.4791 -67.4791 2 1 0
1.00166 -67.4748 -67.4748 1 1 0
1.00331 -67.4705 -67.4705 1 1 0
1.00661 -67.4618 -67.4618 1 1 0
1.01072 -67.4509 -67.4509 1 1 0
1.01481 -67.4399 -67.4399 1 1 0
1.0189 -67.4289 -67.4289 1 1 0
1.02296 -67.4179 -67.4179 1 1 0
1.02701 -67.4068 -67.4068 1 1 0
1.03105 -67.3956 -67.3956 1 1 0
1.03507 -67.3844 -67.3844 1 1 0
1.03907 -67.3732 -67.3732 1 1 0
1.04306 -67.3618 -67.3618 1 1 0
1.04704 -67.3505 -67.3505 1 1 0
1.051 -67.3391 -67.3391 1 1 0
1.05495 -67.3276 -67.3276 1 1 0
1.05888 -67.3161 -67.3161 1 1 0
1.06279 -67.3045 -67.3045 1 1 0
1.06669 -67.2929 -67.2929 1 1 0
1.07058 -67.2812 -67.2812 1 1 0
1.07445 -67.2695 -67.2695 1 1 0
1.0783 -67.2577 -67.2577 1 1 0
1.08215 -67.2459 -67.2459 1 1 0
1.08597 -67.234 -67.234 1 1 0
1.08978 -67.222 -67.222 1 1 0
1.09358 -67.21 -67.21 1 1 0
1.09736 -67.198 -67.198 1 1 0
1.10112 -67.1859 -67.1859 1 1 0
1.10487 -67.1737 -67.1737 1 1 0
1.10861 -67.1615 -67.1615 1 1 0
1.11233 -67.1492 -67.1492 1 1 0
1.11603 -67.1369 -67.1369 1 1 0
1.11972 -67.1245 -67.1245 1 1 0
1.1234 -67.1121 -67.1121 1 1 0
1.12706 -67.0996 -67.0996 1 1 0
1.1307 -67.0871 -67.0871 1 1 0
1.13433 -67.0745 -67.0745 1 1 0
1.13795 -67.0618 -67.0618 1 1 0
1.14155 -67.0491 -67.0491 1 1 0
1.14514 -67.0364 -67.0364 1 1 0
1.14871 -67.0236 -67.0236 1 1 0
1.15226 -67.0107 -67.0107 1 1 0
1.1558 -66.9978 -66.9978 1 1 0
1.15933 -66.9848 -66.9848 1 1 0
1.16284 -66.9717 -66.9717 1 1 0
1.16633 -66.9586 -66.9586 1 1 0
1.16981 -66.9455 -66.9455 1 1 0
1.17328 -66.9323 -66.9323 1 1 0
1.17673 -66.919 -66.919 1 1 0
1.18016 -66.9057 -66.9057 1 1 0
1.18358 -66.8923 -66.8923 1 1 0
1.18699 -66.8789 -66.8789 1 1 0
1.19038 -66.8654 -66.8654 1 1 0
1.19375 -66.8518 -66.8518 1 1 0
1.19712 -66.8382 -66.8382 1 1 0
1.20046 -66.8246 -66.8246 1 1 0
1.20379 -66.8108 -66.8108 1 1 0
1.20711 -66.797 -66.797 1 1 0
1.21041 -66.7832 -66.7832 1 1 0
1.2137 -66.7693 -66.7693 1 1 0
1.21697 -66.7554 -66.7554 1 1 0
1.22022 -66.7413 -66.7413 1 1 0
1.22346 -66.7273 -66.7273 1 1 0
1.22669 -66.7131 -66.7131 1 1 0
1.2299 -66.699 -66.699 1 1 0
1.2331 -66.6847 -66.6847 1 1 0
1.23628 -66.6704 -66.6704 1 1 0
1.23945 -66.656 -66.656 1 1 0
1.2426 -66.6416 -66.6416 1 1 0
1.24574 -66.6271 -66.6271 1 1 0
1.24886 -66.6126 -66.6126 1 1 0
1.25197 -66.598 -66.598 1 1 0
1.25507 -66.5834 -66.5834 1 1 0
1.25815 -66.5686 -66.5686 1 1 0
1.26121 -66.5539 -66.5539 1 1 0
1.26426 -66.539 -66.539 1 1 0
1.26729 -66.5241 -66.5241 1 1 0
1.27031 -66.5092 -66.5092 1 1 0
1.27332 -66.4942 -66.4942 1 1 0
1.27631 -66.4791 -66.4791 1 1 0
1.27929 -66.464 -66.464 1 1 0
1.28225 -66.4488 -66.4488 1 1 0
1.2852 -66.4335 -66.4335 1 1 0
1.28813 -66.4182 -66.4182 1 1 0
1.29105 -66.4028 -66.4028 1 1 0
1.29395 -66.3874 -66.3874 1 1 0
1.29684 -66.3719 -66.3719 1 1 0
1.29971 -66.3564 -66.3564 1 1 0
1.30257 -66.3408 -66.3408 1 1 0
1.30542 -66.3251 -66.3251 1 1 0
1.30825 -66.3094 -66.3094 1 1 0
1.31107 -66.2936 -66.2936 1 1 0
1.31387 -66.2777 -66.2777 1 1 0
1.31666 -66.2618 -66.2618 1 1 0
1.31943 -66.2458 -66.2458 1 1 0
1.32219 -66.2298 -66.2298 1 1 0
1.32494 -66.2137 -66.2137 1 1 0
1.32767 -66.1976 -66.1976 1 1 0
1.33038 -66.1813 -66.1813 1 1 0
1.33309 -66.1651 -66.1651 1 1 0
1.33577 -66.1487 -66.1487 1 1 0
1.33845 -66.1323 -66.1323 1 1 0
1.34111 -66.1159 -66.1159 1 1 0
1.34375 -66.0994 -66.0994 1 1 0
1.34639 -66.0828 -66.0828 1 1 0
1.349 -66.0661 -66.0661 1 1 0
1.35161 -66.0494 -66.0494 1 1 0
1.3542 -66.0327 -66.0327 1 1 0
1.35677 -66.0159 -66.0159 1 1 0
1.35933 -65.999 -65.999 1 1 0
1.36188 -65.982 -65.982 1 1 0
1.36441 -65.965 -65.965 1 1 0
1.36693 -65.948 -65.948 1 1 0
1.36944 -65.9308 -65.9308 1 1 0
1.37193 -65.9136 -65.9136 1 1 0
1.37441 -65.8964 -65.8964 1 1 0
1.37687 -65.8791 -65.8791 1 1 0
1.37932 -65.8617 -65.8617 1 1 0
1.38176 -65.8443 -65.8443 1 1 0
1.38418 -65.8268 -65.8268 1 1 0
1.38659 -65.8092 -65.8092 1 1 0
1.38898 -65.7916 -65.7916 1 1 0
1.39137 -65.7739 -65.7739 1 1 0
1.39373 -65.7562 -65.7562 1 1 0
1.39609 -65.7384 -65.7384 1 1 0
1.39843 -65.7205 -65.7205 1 1 0
1.40076 -65.7026 -65.7026 1 1 0
1.40307 -65.6846 -65.6846 1 1 0
1.40537 -65.6666 -65.6666 1 1 0
1.40766 -65.6485 -65.6485 1 1 0
1.40993 -65.6303 -65.6303 1 1 0
1.4122 -65.6121 -65.6121 1 1 0
1.41444 -65.5938 -65.5938 1 1 0
1.41668 -65.5755 -65.5755 1 1 0
1.4189 -65.5571 -65.5571 1 1 0
1.42111 -65.5386 -65.5386 1 1 0
1.4233 -65.5201 -65.5201 1 1 0
1.42548 -65.5015 -65.5015 1 1 0
1.42765 -65.4828 -65.4828 1 1 0
1.42981 -65.4641 -65.4641 1 1 0
1.43195 -65.4453 -65.4453 1 1 0
1.43408 -65.4265 -65.4265 1 1 0
1.43619 -65.4076 -65.4076 1 1 0
1.4383 -65.3886 -65.3886 1 1 0
1.44039 -65.3696 -65.3696 1 1 0
1.44247 -65.3505 -65.3505 1 1 0
1.44453 -65.3314 -65.3314 1 1 0
1.44658 -65.3122 -65.3122 1 1 0
1.44862 -65.2929 -65.2929 1 1 0
1.45065 -65.2736 -65.2736 1 1 0
1.45267 -65.2542 -65.2542 1 1 0
1.45467 -65.2348 -65.2348 1 1 0
1.45666 -65.2153 -65.2153 1 1 0
1.45863 -65.1957 -65.1957 1 1 0
1.4606 -65.1761 -65.1761 1 1 0
1.46255 -65.1564 -65.1564 1 1 0
1.46449 -65.1366 -65.1366 1 1 0
1.46642 -65.1168 -65.1168 1 1 0
1.46833 -65.097 -65.097 1 1 0
1.47023 -65.077 -65.077 1 1 0
1.47212 -65.0571 -65.0571 1 1 0
1.474 -65.037 -65.037 1 1 0
1.47587 -65.0169 -65.0169 1 1 0
1.47772 -64.9967 -64.9967 1 1 0
1.47956 -64.9765 -64.9765 1 1 0
1.48139 -64.9562 -64.9562 1 1 0
1.48321 -64.9359 -64.9359 1 1 0
1.48502 -64.9155 -64.9155 1 1 0
1.48681 -64.895 -64.895 1 1 0
1.48859 -64.8745 -64.8745 1 1 0
1.49037 -64.8539 -64.8539 1 1 0
1.49212 -64.8332 -64.8332 1 1 0
1.49387 -64.8125 -64.8125 1 1 0
1.49561 -64.7917 -64.7917 1 1 0
1.49733 -64.7709 -64.7709 1 1 0
1.49904 -64.75 -64.75 1 1 0
1.50074 -64.7291 -64.7291 1 1 0
1.50243 -64.7081 -64.7081 1 1 0
1.50411 -64.687 -64.687 1 1 0
1.50578 -64.6659 -64.6659 1 1 0
1.50743 -64.6447 -64.6447 1 1 0
1.50908 -64.6234 -64.6234 1 1 0
1.51071 -64.6021 -64.6021 1 1 0
1.51233 -64.5808 -64.5808 1 1 0
1.51394 -64.5594 -64.5594 1 1 0
1.51554 -64.5379 -64.5379 1 1 0
1.51713 -64.5163 -64.5163 1 1 0
1.51871 -64.4947 -64.4947 1 1 0
1.52027 -64.4731 -64.4731 1 1 0
1.52183 -64.4514 -64.4514 1 1 0
1.52337 -64.4296 -64.4296 1 1 0
1.52491 -64.4077 -64.4077 1 1 0
1.52643 -64.3858 -64.3858 1 1 0
1.52794 -64.3639 -64.3639 1 1 0
1.52944 -64.3419 -64.3419 1 1 0
1.53093 -64.3198 -64.3198 1 1 0
1.53241 -64.2977 -64.2977 1 1 0
1.53388 -64.2755 -64.2755 1 1 0
1.53534 -64.2532 -64.2532 1 1 0
1.53679 -64.2309 -64.2309 1 1 0
1.53823 -64.2086 -64.2086 1 1 0
1.53966 -64.1862 -64.1862 1 1 0
1.54108 -64.1637 -64.1637 1 1 0
1.54248 -64.1411 -64.1411 1 1 0
1.54388 -64.1185 -64.1185 1 1 0
1.54527 -64.0959 -64.0959 1 1 0
1.54665 -64.0732 -64.0732 1 1 0
1.54801 -64.0504 -64.0504 1 1 0
1.54937 -64.0276 -64.0276 1 1 0
1.55072 -64.0047 -64.0047 1 1 0
1.55205 -63.9817 -63.9817 1 1 0
1.55338 -63.9587 -63.9587 1 1 0
1.5547 -63.9357 -63.9357 1 1 0
1.55601 -63.9125 -63.9125 1 1 0
1.5573 -63.8894 -63.8894 1 1 0
1.55859 -63.8661 -63.8661 1 1 0
1.55987 -63.8428 -63.8428 1 1 0
1.56114 -63.8195 -63.8195 1 1 0
1.5624 -63.7961 -63.7961 1 1 0
1.56365 -63.7726 -63.7726 1 1 0
1.56489 -63.7491 -63.7491 1 1 0
1.56612 -63.7255 -63.7255 1 1 0
1.56734 -63.7019 -63.7019 1 1 0
1.56856 -63.6782 -63.6782 1 1 0
1.56976 -63.6544 -63.6544 1 1 0
1.57095 -63.6306 -63.6306 1 1 0
1.57214 -63.6067 -63.6067 1 1 0
1.57332 -63.5828 -63.5828 1 1 0
1.57448 -63.5588 -63.5588 1 1 0
1.57564 -63.5348 -63.5348 1 1 0
1.57679 -63.5107 -63.5107 1 1 0
1.57793 -63.4865 -63.4865 1 1 0
1.57906 -63.4623 -63.4623 1 1 0
1.58018 -63.438 -63.438 1 1 0
1.5813 -63.4137 -63.4137 1 1 0
1.5824 -63.3893 -63.3893 1 1 0
1.5835 -63.3649 -63.3649 1 1 0
1.58459 -63.3404 -63.3404 1 1 0
1.58566 -63.3158 -63.3158 1 1 0
1.58673 -63.2912 -63.2912 1 1 0
1.5878 -63.2665 -63.2665 1 1 0
1.58885 -63.2418 -63.2418 1 1 0
1.5899 -63.217 -63.217 1 1 0
1.59093 -63.1922 -63.1922 1 1 0
1.59196 -63.1673 -63.1673 1 1 0
1.59298 -63.1423 -63.1423 1 1 0
1.59399 -63.1173 -63.1173 1 1 0
1.595 -63.0922 -63.0922 1 1 0
1.59599 -63.0671 -63.0671 1 1 0
1.59698 -63.0419 -63.0419 1 1 0
1.59796 -63.0167 -63.0167 1 1 0
1.59893 -62.9914 -62.9914 1 1 0
1.5999 -62.966 -62.966 1 1 0
1.60085 -62.9406 -62.9406 1 1 0
1.6018 -62.9151 -62.9151 1 1 0
1.60274 -62.8896 -62.8896 1 1 0
1.60367 -62.864 -62.864 1 1 0
1.6046 -62.8383 -62.8383 1 1 0
1.60552 -62.8126 -62.8126 1 1 0
1.60643 -62.7869 -62.7869 1 1 0
1.60733 -62.7611 -62.7611 1 1 0
1.60822 -62.7352 -62.7352 1 1 0
1.60911 -62.7093 -62.7093 1 1 0
1.60999 -62.6833 -62.6833 1 1 0
1.61086 -62.6572 -62.6572 1 1 0
1.61173 -62.6311 -62.6311 1 1 0
1.61258 -62.6049 -62.6049 1 1 0
1.61343 -62.5787 -62.5787 1 1 0
1.61428 -62.5524 -62.5524 1 1 0
1.61511 -62.5261 -62.5261 1 1 0
1.61594 -62.4997 -62.4997 1 1 0
1.61676 -62.4733 -62.4733 1 1 0
1.61758 -62.4467 -62.4467 1 1 0
1.61838 -62.4202 -62.4202 1 1 0
1.61919 -62.3935 -62.3935 1 1 0
1.61998 -62.3669 -62.3669 1 1 0
1.62077 -62.3401 -62.3401 1 1 0
1.62155 -62.3133 -62.3133 1 1 0
1.62232 -62.2865 -62.2865 1 1 0
1.62308 -62.2595 -62.2595 1 1 0
1.62384 -62.2326 -62.2326 1 1 0
1.6246 -62.2055 -62.2055 1 1 0
1.62534 -62.1784 -62.1784 1 1 0
1.62608 -62.1513 -62.1513 1 1 0
1.62682 -62.1241 -62.1241 1 1 0
1.62754 -62.0968 -62.0968 1 1 0
1.62826 -62.0695 -62.0695 1 1 0
1.62898 -62.0421 -62.0421 1 1 0
1.62968 -62.0146 -62.0146 1 1 0
1.63038 -61.9871 -61.9871 1 1 0
1.63108 -61.9596 -61.9596 1 1 0
1.63177 -61.9319 -61.9319 1 1 0
1.63245 -61.9042 -61.9042 1 1 0
1.63312 -61.8765 -61.8765 1 1 0
1.63379 -61.8487 -61.8487 1 1 0
1.63446 -61.8208 -61.8208 1 1 0
1.63511 -61.7929 -61.7929 1 1 0
1.63576 -61.7649 -61.7649 1 1 0
1.63641 -61.7369 -61.7369 1 1 0
1.63705 -61.7088 -61.7088 1 1 0
1.63768 -61.6806 -61.6806 1 1 0
1.63831 -61.6524 -61.6524 1 1 0
1.63893 -61.6241 -61.6241 1 1 0
1.63955 -61.5957 -61.5957 1 1 0
1.64015 -61.5673 -61.5673 1 1 0
1.64076 -61.5388 -61.5388 1 1 0
1.64136 -61.5103 -61.5103 1 1 0
1.64195 -61.4817 -61.4817 1 1 0
1.64254 -61.453 -61.453 1 1 0
1.64312 -61.4243 -61.4243 1 1 0
1.64369 -61.3955 -61.3955 1 1 0
1.64426 -61.3667 -61.3667 1 1 0
1.64483 -61.3378 -61.3378 1 1 0
1.64538 -61.3088 -61.3088 1 1 0
1.64594 -61.2798 -61.2798 1 1 0
1.64648 -61.2507 -61.2507 1 1 0
1.64703 -61.2215 -61.2215 1 1 0
1.64756 -61.1923 -61.1923 1 1 0
1.6481 -61.163 -61.163 1 1 0
1.64862 -61.1337 -61.1337 1 1 0
1.64914 -61.1043 -61.1043 1 1 0
1.64966 -61.0748 -61.0748 1 1 0
1.65017 -61.0452 -61.0452 1 1 0
1.65067 -61.0156 -61.0156 1 1 0
1.65117 -60.986 -60.986 1 1 0
1.65167 -60.9562 -60.9562 1 1 0
1.65216 -60.9264 -60.9264 1 1 0
1.65264 -60.8966 -60.8966 1 1 0
1.65312 -60.8666 -60.8666 1 1 0
1.6536 -60.8366 -60.8366 1 1 0
1.65407 -60.8066 -60.8066 1 1 0
1.65453 -60.7764 -60.7764 1 1 0
1.65499 -60.7462 -60.7462 1 1 0
1.65545 -60.716 -60.716 1 1 0
1.6559 -60.6856 -60.6856 1 1 0
1.65634 -60.6552 -60.6552 1 1 0
1.65678 -60.6247 -60.6247 1 1 0
1.65722 -60.5942 -60.5942 1 1 0
1.65765 -60.5636 -60.5636 1 1 0
1.65807 -60.5329 -60.5329 1 1 0
1.65849 -60.5022 -60.5022 1 1 0
1.65891 -60.4714 -60.4714 1 1 0
1.65932 -60.4405 -60.4405 1 1 0
1.65973 -60.4095 -60.4095 1 1 0
1.66013 -60.3785 -60.3785 1 1 0
1.66053 -60.3474 -60.3474 1 1 0
1.66092 -60.3162 -60.3162 1 1 0
1.66131 -60.285 -60.285 1 1 0
1.6617 -60.2537 -60.2537 1 1 0
1.66208 -60.2223 -60.2223 1 1 0
1.66245 -60.1908 -60.1908 1 1 0
1.66282 -60.1593 -60.1593 1 1 0
1.66319 -60.1277 -60.1277 1 1 0
1.66355 -60.096 -60.096 1 1 0
1.66391 -60.0643 -60.0643 1 1 0
1.66426 -60.0324 -60.0324 1 1 0
1.66461 -60.0005 -60.0005 1 1 0
1.66496 -59.9686 -59.9686 1 1 0
1.6653 -59.9365 -59.9365 1 1 0
1.66563 -59.9044 -59.9044 1 1 0
1.66597 -59.8722 -59.8722 1 1 0
1.66629 -59.8399 -59.8399 1 1 0
1.66662 -59.8075 -59.8075 1 1 0
1.66694 -59.7751 -59.7751 1 1 0
1.66725 -59.7426 -59.7426 1 1 0
1.66756 -59.71 -59.71 1 1 0
1.66787 -59.6773 -59.6773 1 1 0
1.66817 -59.6446 -59.6446 1 1 0
1.66847 -59.6117 -59.6117 1 1 0
1.66877 -59.5788 -59.5788 1 1 0
1.66906 -59.5458 -59.5458 1 1 0
1.66935 -59.5127 -59.5127 1 1 0
1.66963 -59.4796 -59.4796 1 1 0
1.66991 -59.4464 -59.4464 1 1 0
1.67018 -59.413 -59.413 1 1 0
1.67045 -59.3796 -59.3796 1 1 0
1.67072 -59.3461 -59.3461 1 1 0
1.67098 -59.3126 -59.3126 1 1 0
1.67124 -59.2789 -59.2789 1 1 0
1.6715 -59.2452 -59.2452 1 1 0
1.67175 -59.2113 -59.2113 1 1 0
1.672 -59.1774 -59.1774 1 1 0
1.67224 -59.1434 -59.1434 1 1 0
1.67249 -59.1093 -59.1093 1 1 0
1.67272 -59.0752 -59.0752 1 1 0
1.67296 -59.0409 -59.0409 1 1 0
1.67319 -59.0065 -59.0065 1 1 0
1.67341 -58.9721 -58.9721 1 1 0
1.67363 -58.9376 -58.9376 1 1 0
1.67385 -58.9029 -58.9029 1 1 0
1.67407 -58.8682 -58.8682 1 1 0
1.67428 -58.8334 -58.8334 1 1 0
1.67449 -58.7985 -58.7985 1 1 0
1.67469 -58.7635 -58.7635 1 1 0
1.67489 -58.7284 -58.7284 1 1 0
1.67509 -58.6933 -58.6933 1 1 0
1.67528 -58.658 -58.658 1 1 0
1.67547 -58.6226 -58.6226 1 1 0
1.67566 -58.5871 -58.5871 1 1 0
1.67584 -58.5516 -58.5516 1 1 0
1.67602 -58.5159 -58.5159 1 1 0
1.6762 -58.4802 -58.4802 1 1 0
1.67637 -58.4443 -58.4443 1 1 0
1.67654 -58.4084 -58.4084 1 1 0
1.67671 -58.3723 -58.3723 1 1 0
1.67687 -58.3362 -58.3362 1 1 0
1.67703 -58.2999 -58.2999 1 1 0
1.67719 -58.2636 -58.2636 1 1 0
1.67734 -58.2272 -58.2272 1 1 0
1.67749 -58.1906 -58.1906 1 1 0
1.67764 -58.154 -58.154 1 1 0
1.67778 -58.1172 -58.1172 1 1 0
1.67792 -58.0804 -58.0804 1 1 0
1.67806 -58.0434 -58.0434 1 1 0
1.67819 -58.0064 -58.0064 1 1 0
1.67832 -57.9692 -57.9692 1 1 0
1.67845 -57.9319 -57.9319 1 1 0
1.67857 -57.8946 -57.8946 1 1 0
1.67869 -57.8571 -57.8571 1 1 0
1.67881 -57.8195 -57.8195 1 1 0
1.67893 -57.7818 -57.7818 1 1 0
1.67904 -57.744 -57.744 1 1 0
1.67915 -57.7062 -57.7062 1 1 0
1.67926 -57.6682 -57.6682 1 1 0
1.67936 -57.6301 -57.6301 1 1 0
1.67946 -57.5918 -57.5918 1 1 0
1.67956 -57.5535 -57.5535 1 1 0
1.67965 -57.5151 -57.5151 1 1 0
1.67974 -57.4766 -57.4766 1 1 0
1.67983 -57.4379 -57.4379 1 1 0
1.67992 -57.3992 -57.3992 1 1 0
1.68 -57.3604 -57.3604 1 1 0
1.68008 -57.3214 -57.3214 1 1 0
1.68016 -57.2823 -57.2823 1 1 0
1.68024 -57.2432 -57.2432 1 1 0
1.68031 -57.2039 -57.2039 1 1 0
1.68038 -57.1645 -57.1645 1 1 0
1.68045 -57.125 -57.125 1 1 0
1.68051 -57.0855 -57.0855 1 1 0
1.68057 -57.0458 -57.0458 1 1 0
1.68063 -57.006 -57.006 1 1 0
1.68069 -56.9661 -56.9661 1 1 0
1.68075 -56.9261 -56.9261 1 1 0
1.6808 -56.886 -56.886 1 1 0
1.68085 -56.8458 -56.8458 1 1 0
1.6809 -56.8055 -56.8055 1 1 0
1.68094 -56.7651 -56.7651 1 1 0
1.68099 -56.7246 -56.7246 1 1 0
1.68103 -56.684 -56.684 1 1 0
1.68106 -56.6433 -56.6433 1 1 0
1.6811 -56.6025 -56.6025 1 1 0
1.68114 -56.5616 -56.5616 1 1 0
1.68117 -56.5206 -56.5206 1 1 0
1.6812 -56.4796 -56.4796 1 1 0
1.68123 -56.4384 -56.4384 1 1 0
1.68125 -56.3972 -56.3972 1 1 0
1.68128 -56.3558 -56.3558 1 1 0
1.6813 -56.3144 -56.3144 1 1 0
1.68132 -56.2729 -56.2729 1 1 0
1.68134 -56.2313 -56.2313 1 1 0
1.68135 -56.1896 -56.1896 1 1 0
1.68137 -56.1479 -56.1479 1 1 0
1.68138 -56.1061 -56.1061 1 1 0
1.68139 -56.0642 -56.0642 1 1 0
1.6814 -56.0222 -56.0222 1 1 0
1.68141 -55.9802 -55.9802 1 1 0
1.68142 -55.9381 -55.9381 1 1 0
1.68142 -55.8959 -55.8959 1 1 0
1.68143 -55.8536 -55.8536 1 1 0
1.68143 -55.8113 -55.8113 1 1 0
1.68143 -55.769 -55.769 1 1 0
1.68143 -55.7588 -55.7588 2 1 0
1.68143 -55.7164 -55.7164 2 1 0
1.68143 -55.6739 -55.6739 2 1 0
1.68142 -55.6314 -55.6314 2 1 0
1.68142 -55.5888 -55.5888 2 1 0
1.68141 -55.5462 -55.5462 2 1 0
1.68141 -55.5035 -55.5035 2 1 0
1.6814 -55.4608 -55.4608 2 1 0
1.68139 -55.4181 -55.4181 2 1 0
1.68138 -55.3754 -55.3754 2 1 0
1.68137 -55.3326 -55.3326 2 1 0
1.68136 -55.2898 -55.2898 2 1 0
1.68135 -55.2469 -55.2469 2 1 0
1.68134 -55.2041 -55.2041 2 1 0
1.68132 -55.1612 -55.1612 2 1 0
1.68131 -55.1184 -55.1184 2 1 0
1.6813 -55.0755 -55.0755 2 1 0
1.68128 -55.0326 -55.0326 2 1 0
1.68126 -54.9897 -54.9897 2 1 0
1.68125 -54.9468 -54.9468 2 1 0
1.68123 -54.9039 -54.9039 2 1 0
1.68122 -54.8611 -54.8611 2 1 0
1.6812 -54.8182 -54.8182 2 1 0
1.68118 -54.7753 -54.7753 2 1 0
1.68116 -54.7325 -54.7325 2 1 0
1.68115 -54.6897 -54.6897 2 1 0
1.68113 -54.6469 -54.6469 2 1 0
1.68111 -54.6042 -54.6042 2 1 0
1.68109 -54.5614 -54.5614 2 1 0
1.68108 -54.5187 -54.5187 2 1 0
1.68106 -54.4761 -54.4761 2 1 0
1.68104 -54.4335 -54.4335 2 1 0
1.68102 -54.3909 -54.3909 2 1 0
1.68101 -54.3484 -54.3484 2 1 0
1.68099 -54.3059 -54.3059 2 1 0
1.68097 -54.2635 -54.2635 2 1 0
1.68095 -54.2211 -54.2211 2 1 0
1.68094 -54.1788 -54.1788 2 1 0
1.68092 -54.1365 -54.1365 2 1 0
1.6809 -54.0943 -54.0943 2 1 0
1.68089 -54.0522 -54.0522 2 1 0
1.68087 -54.0101 -54.0101 2 1 0
1.68086 -53.9682 -53.9682 2 1 0
1.68084 -53.9262 -53.9262 2 1 0
1.68083 -53.8844 -53.8844 2 1 0
1.68081 -53.8426 -53.8426 2 1 0
1.6808 -53.8009 -53.8009 2 1 0
1.68079 -53.7593 -53.7593 2 1 0
1.68077 -53.7178 -53.7178 2 1 0
1.68076 -53.6764 -53.6764 2 1 0
1.68075 -53.635 -53.635 2 1 0
1.68074 -53.5937 -53.5937 2 1 0
1.68073 -53.5526 -53.5526 2 1 0
1.68072 -53.5115 -53.5115 2 1 0
1.68071 -53.4705 -53.4705 2 1 0
1.6807 -53.4296 -53.4296 2 1 0
1.68069 -53.3888 -53.3888 2 1 0
1.68069 -53.3481 -53.3481 2 1 0
1.68068 -53.3075 -53.3075 2 1 0
1.68067 -53.267 -53.267 2 1 0
1.68067 -53.2266 -53.2266 2 1 0
1.68066 -53.1862 -53.1862 2 1 0
1.68066 -53.146 -53.146 2 1 0
1.68065 -53.1059 -53.1059 2 1 0
1.68065 -53.0659 -53.0659 2 1 0
1.68065 -53.026 -53.026 2 1 0
1.68065 -52.9863 -52.9863 2 1 0
1.68065 -52.9466 -52.9466 2 1 0
1.68064 -52.907 -52.907 2 1 0
1.68064 -52.8694 -52.8694 2 1 0
1.68064 -52.8301 -52.8301 2 1 0
1.68065 -52.7908 -52.7908 2 1 0
1.68065 -52.7516 -52.7516 2 1 0
1.68065 -52.7126 -52.7126 2 1 0
1.68065 -52.6737 -52.6737 2 1 0
1.68065 -52.6348 -52.6348 2 1 0
1.68066 -52.5961 -52.5961 2 1 0
1.68066 -52.5575 -52.5575 2 1 0
1.68067 -52.519 -52.519 2 1 0
1.68067 -52.4806 -52.4806 2 1 0
1.68068 -52.4423 -52.4423 2 1 0
1.68068 -52.4042 -52.4042 2 1 0
1.68069 -52.3661 -52.3661 2 1 0
1.6807 -52.3282 -52.3282 2 1 0
1.6807 -52.2903 -52.2903 2 1 0
1.68071 -52.2526 -52.2526 2 1 0
1.68072 -52.215 -52.215 2 1 0
1.68073 -52.1774 -52.1774 2 1 0
1.68074 -52.14 -52.14 2 1 0
1.68075 -52.1027 -52.1027 2 1 0
1.68076 -52.0655 -52.0655 2 1 0
1.68077 -52.0285 -52.0285 2 1 0
1.68077 -51.9915 -51.9915 2 1 0
1.68079 -51.9546 -51.9546 2 1 0
1.6808 -51.9178 -51.9178 2 1 0
1.68081 -51.8812 -51.8812 2 1 0
1.68082 -51.8446 -51.8446 2 1 0
1.68083 -51.8082 -51.8082 2 1 0
1.68084 -51.7718 -51.7718 2 1 0
1.68085 -51.7356 -51.7356 2 1 0
1.68086 -51.6994 -51.6994 2 1 0
1.68087 -51.6634 -51.6634 2 1 0
1.68088 -51.6275 -51.6275 2 1 0
1.68089 -51.5916 -51.5916 2 1 0
1.68091 -51.5559 -51.5559 2 1 0
1.68092 -51.5202 -51.5202 2 1 0
1.68093 -51.4847 -51.4847 2 1 0
1.68094 -51.4493 -51.4493 2 1 0
1.68095 -51.4139 -51.4139 2 1 0
1.68096 -51.3786 -51.3786 2 1 0
1.68097 -51.3425 -51.3425 2 1 0
1.68098 -51.3067 -51.3067 2 1 0
1.68099 -51.271 -51.271 2 1 0
1.681 -51.2355 -51.2355 2 1 0
1.68101 -51.2 -51.2 2 1 0
1.68102 -51.1646 -51.1646 2 1 0
1.68103 -51.1293 -51.1293 2 1 0
1.68104 -51.0941 -51.0941 2 1 0
1.68105 -51.0591 -51.0591 2 1 0
1.68106 -51.0241 -51.0241 2 1 0
1.68106 -50.9892 -50.9892 2 1 0
1.68107 -50.9544 -50.9544 2 1 0
1.68108 -50.9197 -50.9197 2 1 0
1.68108 -50.8852 -50.8852 2 1 0
1.68109 -50.8507 -50.8507 2 1 0
1.68109 -50.8163 -50.8163 2 1 0
1.6811 -50.7819 -50.7819 2 1 0
1.6811 -50.7477 -50.7477 2 1 0
1.6811 -50.7136 -50.7136 2 1 0
1.6811 -50.6796 -50.6796 2 1 0
1.68111 -50.6456 -50.6456 2 1 0
1.68111 -50.6232 -50.6232 2 1 0
1.68111 -50.5894 -50.5894 2 1 0
1.6811 -50.5557 -50.5557 2 1 0
1.6811 -50.5221 -50.5221 2 1 0
1.6811 -50.4885 -50.4885 2 1 0
1.68109 -50.4551 -50.4551 2 1 0
1.68109 -50.4217 -50.4217 2 1 0
1.68108 -50.3885 -50.3885 2 1 0
1.68108 -50.3553 -50.3553 2 1 0
1.68107 -50.3222 -50.3222 2 1 0
1.68106 -50.2892 -50.2892 2 1 0
1.68105 -50.2563 -50.2563 2 1 0
1.68104 -50.2234 -50.2234 2 1 0
1.68102 -50.1907 -50.1907 2 1 0
1.68101 -50.158 -50.158 2 1 0
1.68099 -50.1254 -50.1254 2 1 0
1.68098 -50.0929 -50.0929 2 1 0
1.68096 -50.0605 -50.0605 2 1 0
1.68094 -50.0281 -50.0281 2 1 0
1.68092 -49.9958 -49.9958 2 1 0
1.68089 -49.9636 -49.9636 2 1 0
1.68087 -49.9315 -49.9315 2 1 0
1.68084 -49.8995 -49.8995 2 1 0
1.68082 -49.8675 -49.8675 2 1 0
1.68079 -49.8356 -49.8356 2 1 0
1.68076 -49.8038 -49.8038 2 1 0
1.68072 -49.7721 -49.7721 2 1 0
1.68069 -49.7404 -49.7404 2 1 0
1.68065 -49.7088 -49.7088 2 1 0
1.68062 -49.6773 -49.6773 2 1 0
1.68058 -49.6458 -49.6458 2 1 0
1.68054 -49.6145 -49.6145 2 1 0
1.68049 -49.5832 -49.5832 2 1 0
1.68045 -49.5519 -49.5519 2 1 0
1.6804 -49.5208 -49.5208 2 1 0
1.68035 -49.4897 -49.4897 2 1 0
1.6803 -49.4587 -49.4587 2 1 0
1.68025 -49.4277 -49.4277 2 1 0
1.68019 -49.3968 -49.3968 2 1 0
1.68013 -49.366 -49.366 2 1 0
1.68008 -49.3353 -49.3353 2 1 0
1.68001 -49.3046 -49.3046 2 1 0
1.67995 -49.274 -49.274 2 1 0
1.67988 -49.2435 -49.2435 2 1 0
1.67981 -49.213 -49.213 2 1 0
1.67974 -49.1826 -49.1826 2 1 0
1.67967 -49.1523 -49.1523 2 1 0
1.67959 -49.122 -49.122 2 1 0
1.67951 -49.0918 -49.0918 2 1 0
1.67943 -49.0616 -49.0616 2 1 0
1.67935 -49.0316 -49.0316 2 1 0
1.67926 -49.0015 -49.0015 2 1 0
1.67918 -48.9716 -48.9716 2 1 0
1.67908 -48.9417 -48.9417 2 1 0
1.67899 -48.9119 -48.9119 2 1 0
1.67889 -48.8821 -48.8821 2 1 0
1.67879 -48.8524 -48.8524 2 1 0
1.67869 -48.8228 -48.8228 2 1 0
1.67858 -48.7932 -48.7932 2 1 0
1.67848 -48.7637 -48.7637 2 1 0
1.67837 -48.7343 -48.7343 2 1 0
1.67825 -48.7049 -48.7049 2 1 0
1.67813 -48.6756 -48.6756 2 1 0
1.67801 -48.6463 -48.6463 2 1 0
1.67789 -48.6171 -48.6171 2 1 0
1.67776 -48.5879 -48.5879 2 1 0
1.67763 -48.5589 -48.5589 2 1 0
1.6775 -48.5298 -48.5298 2 1 0
1.67736 -48.5009 -48.5009 2 1 0
1.67722 -48.472 -48.472 2 1 0
1.67708 -48.4431 -48.4431 2 1 0
1.67694 -48.4143 -48.4143 2 1 0
1.67679 -48.3856 -48.3856 2 1 0
1.67663 -48.3569 -48.3569 2 1 0
1.67648 -48.3283 -48.3283 2 1 0
1.67632 -48.2998 -48.2998 2 1 0
1.67615 -48.2713 -48.2713 2 1 0
1.67598 -48.2428 -48.2428 2 1 0
1.67581 -48.2144 -48.2144 2 1 0
1.67564 -48.1861 -48.1861 2 1 0
1.67546 -48.1579 -48.1579 2 1 0
1.67528 -48.1297 -48.1297 2 1 0
1.67509 -48.1015 -48.1015 2 1 0
1.6749 -48.0734 -48.0734 2 1 0
1.67471 -48.0454 -48.0454 2 1 0
1.67451 -48.0174 -48.0174 2 1 0
1.67431 -47.9895 -47.9895 2 1 0
1.6741 -47.9616 -47.9616 2 1 0
1.67389 -47.9338 -47.9338 2 1 0
1.67367 -47.9061 -47.9061 2 1 0
1.67346 -47.8784 -47.8784 2 1 0
1.67323 -47.8507 -47.8507 2 1 0
1.67301 -47.8231 -47.8231 2 1 0
1.67277 -47.7956 -47.7956 2 1 0
1.67254 -47.7682 -47.7682 2 1 0
1.6723 -47.7407 -47.7407 2 1 0
1.67205 -47.7134 -47.7134 2 1 0
1.6718 -47.6861 -47.6861 2 1 0
1.67155 -47.6588 -47.6588 2 1 0
1.67129 -47.6316 -47.6316 2 1 0
1.67103 -47.6045 -47.6045 2 1 0
1.67076 -47.5774 -47.5774 2 1 0
1.67049 -47.5504 -47.5504 2 1 0
1.67021 -47.5235 -47.5235 2 1 0
1.66993 -47.4965 -47.4965 2 1 0
1.66964 -47.4697 -47.4697 2 1 0
1.66935 -47.4429 -47.4429 2 1 0
1.66906 -47.4161 -47.4161 2 1 0
1.66875 -47.3895 -47.3895 2 1 0
1.66845 -47.3628 -47.3628 2 1 0
1.66813 -47.3363 -47.3363 2 1 0
1.66782 -47.3097 -47.3097 2 1 0
1.6675 -47.2833 -47.2833 2 1 0
1.66717 -47.2569 -47.2569 2 1 0
1.66684 -47.2305 -47.2305 2 1 0
1.6665 -47.2042 -47.2042 2 1 0
1.66615 -47.178 -47.178 2 1 0
1.66581 -47.1518 -47.1518 2 1 0
1.66545 -47.1257 -47.1257 2 1 0
1.66509 -47.0996 -47.0996 2 1 0
1.66473 -47.0736 -47.0736 2 1 0
1.66436 -47.0476 -47.0476 2 1 0
1.66398 -47.0217 -47.0217 2 1 0
1.6636 -46.9959 -46.9959 2 1 0
1.66321 -46.9701 -46.9701 2 1 0
1.66282 -46.9443 -46.9443 2 1 0
1.66242 -46.9187 -46.9187 2 1 0
1.66201 -46.893 -46.893 2 1 0
1.6616 -46.8675 -46.8675 2 1 0
1.66118 -46.842 -46.842 2 1 0
1.66076 -46.8165 -46.8165 2 1 0
1.66033 -46.7911 -46.7911 2 1 0
1.65989 -46.7658 -46.7658 2 1 0
1.65945 -46.7405 -46.7405 2 1 0
1.659 -46.7153 -46.7153 2 1 0
1.65855 -46.6901 -46.6901 2 1 0
1.65809 -46.665 -46.665 2 1 0
1.65762 -46.6399 -46.6399 2 1 0
1.65714 -46.6149 -46.6149 2 1 0
1.65666 -46.59 -46.59 2 1 0
1.65618 -46.5651 -46.5651 2 1 0
1.65568 -46.5403 -46.5403 2 1 0
1.65518 -46.5155 -46.5155 2 1 0
1.65468 -46.4908 -46.4908 2 1 0
1.65416 -46.4662 -46.4662 2 1 0
1.65364 -46.4416 -46.4416 2 1 0
1.65312 -46.417 -46.417 2 1 0
1.65258 -46.3925 -46.3925 2 1 0
1.65204 -46.3681 -46.3681 2 1 0
1.65149 -46.3438 -46.3438 2 1 0
1.65094 -46.3195 -46.3195 2 1 0
1.65038 -46.2952 -46.2952 2 1 0
1.64981 -46.271 -46.271 2 1 0
1.64923 -46.2469 -46.2469 2 1 0
1.64865 -46.2228 -46.2228 2 1 0
1.64805 -46.1988 -46.1988 2 1 0
1.64746 -46.1749 -46.1749 2 1 0
1.64685 -46.151 -46.151 2 1 0
1.64624 -46.1271 -46.1271 2 1 0
1.64559 -46.1023 -46.1023 2 1 0
1.64494 -46.0778 -46.0778 2 1 0
1.64428 -46.0534 -46.0534 2 1 0
1.64362 -46.0291 -46.0291 2 1 0
1.64294 -46.0048 -46.0048 2 1 0
1.64226 -45.9806 -45.9806 2 1 0
1.64157 -45.9565 -45.9565 2 1 0
1.64087 -45.9324 -45.9324 2 1 0
1.64017 -45.9084 -45.9084 2 1 0
1.63945 -45.8844 -45.8844 2 1 0
1.63869 -45.8593 -45.8593 2 1 0
1.63793 -45.8346 -45.8346 2 1 0
1.63715 -45.8099 -45.8099 2 1 0
1.63637 -45.7853 -45.7853 2 1 0
1.63559 -45.7608 -45.7608 2 1 0
1.63479 -45.7364 -45.7364 2 1 0
1.63398 -45.7121 -45.7121 2 1 0
1.63316 -45.6878 -45.6878 2 1 0
1.63234 -45.6637 -45.6637 2 1 0
1.6315 -45.6396 -45.6396 2 1 0
1.63066 -45.6156 -45.6156 2 1 0
1.6298 -45.5917 -45.5917 2 1 0
1.62894 -45.5678 -45.5678 2 1 0
1.62806 -45.5441 -45.5441 2 1 0
1.62718 -45.5204 -45.5204 2 1 0
1.62629 -45.4968 -45.4968 2 1 0
1.62538 -45.4732 -45.4732 2 1 0
1.62447 -45.4498 -45.4498 2 1 0
1.62355 -45.4264 -45.4264 2 1 0
1.62262 -45.4032 -45.4032 2 1 0
1.62167 -45.38 -45.38 2 1 0
1.62072 -45.3568 -45.3568 2 1 0
1.61976 -45.3338 -45.3338 2 1 0
1.61879 -45.3108 -45.3108 2 1 0
1.6178 -45.288 -45.288 2 1 0
1.61681 -45.2652 -45.2652 2 1 0
1.61581 -45.2425 -45.2425 2 1 0
1.61479 -45.2198 -45.2198 2 1 0
1.61377 -45.1973 -45.1973 2 1 0
1.61273 -45.1748 -45.1748 2 1 0
1.61169 -45.1524 -45.1524 2 1 0
1.61063 -45.1301 -45.1301 2 1 0
1.60956 -45.1079 -45.1079 2 1 0
1.60849 -45.0857 -45.0857 2 1 0
1.6074 -45.0636 -45.0636 2 1 0
1.6063 -45.0416 -45.0416 2 1 0
1.60519 -45.0197 -45.0197 2 1 0
1.60404 -45.0008 -45.0008 2 1 0
1.60368 -45.0028 -45.0028 2 1 0
1.60368 -45.0028 -45.0028 2 1 0
